        A1      B1      C1      A2      C2      A3      B3      C3  
A1      0       5       2       3       7       4       1       6
A2      3       6       1       0       4       5       2       7
A2      5       2       7       0       4       3       6       1
A3      6       1       4       3       7       0       5       2
B1      3       0       5       6       2       1       4       7
B1      5       0       3       2       6       7       4       1
B3      1       4       7       6       2       3       0       5
B3      7       4       1       2       6       5       0       3
C1      6       3       0       1       5       4       7       2
C2      1       6       3       4       0       7       2       5
C2      7       2       5       4       0       1       6       3
C3      4       1       6       7       3       2       5       0  
